Building tensor for table: audcadrmp
Batch MSE: 1.54144e-05 (10 windows)
returnHeadWeight: [0.0100005, 0.0100013, 0.00999742, 0.00999821, 0.00999872, 0.0100003, 0.010001, 0.00999954]
Batch MSE: 1.41565e-05 (10 windows)
returnHeadWeight: [0.0100009, 0.0100025, 0.00999497, 0.0099965, 0.0099975, 0.0100006, 0.010002, 0.0099991]
Batch MSE: 1.38756e-05 (10 windows)
returnHeadWeight: [0.0100014, 0.0100038, 0.00999253, 0.0099948, 0.00999629, 0.0100009, 0.010003, 0.00999866]
Batch MSE: 1.42003e-05 (10 windows)
returnHeadWeight: [0.0100018, 0.010005, 0.00999005, 0.00999308, 0.00999506, 0.0100012, 0.010004, 0.00999821]
Batch MSE: 1.50532e-05 (10 windows)
returnHeadWeight: [0.0100023, 0.0100063, 0.00998749, 0.00999129, 0.0099938, 0.0100016, 0.0100051, 0.00999774]
Batch MSE: 1.3803e-05 (10 windows)
returnHeadWeight: [0.0100027, 0.0100075, 0.00998514, 0.00998964, 0.00999264, 0.0100018, 0.010006, 0.00999731]
Batch MSE: 1.4046e-05 (10 windows)
returnHeadWeight: [0.0100031, 0.0100088, 0.00998268, 0.0099879, 0.00999143, 0.0100021, 0.010007, 0.00999686]
Batch MSE: 1.58293e-05 (10 windows)
returnHeadWeight: [0.0100036, 0.0100101, 0.00998006, 0.00998604, 0.00999016, 0.0100024, 0.0100081, 0.00999637]
Batch MSE: 1.66489e-05 (10 windows)
returnHeadWeight: [0.0100041, 0.0100114, 0.00997739, 0.00998413, 0.00998887, 0.0100027, 0.0100092, 0.00999587]
Batch MSE: 1.45666e-05 (10 windows)
returnHeadWeight: [0.0100045, 0.0100127, 0.0099749, 0.00998233, 0.00998769, 0.0100029, 0.0100102, 0.00999541]
Batch MSE: 1.54365e-05 (10 windows)
returnHeadWeight: [0.010005, 0.0100139, 0.00997233, 0.00998046, 0.00998648, 0.0100032, 0.0100112, 0.00999493]
Batch MSE: 1.61759e-05 (10 windows)
returnHeadWeight: [0.0100054, 0.0100152, 0.0099697, 0.00997853, 0.00998526, 0.0100034, 0.0100122, 0.00999445]
Batch MSE: 1.55811e-05 (10 windows)
returnHeadWeight: [0.0100059, 0.0100165, 0.00996713, 0.00997662, 0.00998409, 0.0100036, 0.0100132, 0.00999397]
Batch MSE: 1.58593e-05 (10 windows)
returnHeadWeight: [0.0100063, 0.0100178, 0.00996454, 0.00997467, 0.00998293, 0.0100038, 0.0100143, 0.00999348]
Batch MSE: 1.82111e-05 (10 windows)
returnHeadWeight: [0.0100068, 0.0100191, 0.00996177, 0.00997256, 0.00998171, 0.010004, 0.0100153, 0.00999295]
Batch MSE: 2.04088e-05 (10 windows)
returnHeadWeight: [0.0100072, 0.0100205, 0.00995885, 0.00997031, 0.00998046, 0.0100041, 0.0100165, 0.0099924]
Batch MSE: 1.90418e-05 (10 windows)
returnHeadWeight: [0.0100077, 0.0100219, 0.00995604, 0.00996811, 0.00997929, 0.0100042, 0.0100176, 0.00999186]
Batch MSE: 1.93917e-05 (10 windows)
returnHeadWeight: [0.0100081, 0.0100232, 0.0099532, 0.00996585, 0.00997814, 0.0100043, 0.0100186, 0.00999132]
Batch MSE: 1.90019e-05 (10 windows)
returnHeadWeight: [0.0100086, 0.0100245, 0.0099504, 0.00996359, 0.00997705, 0.0100043, 0.0100197, 0.00999078]
Batch MSE: 1.85075e-05 (10 windows)
returnHeadWeight: [0.010009, 0.0100258, 0.00994765, 0.00996133, 0.00997601, 0.0100043, 0.0100207, 0.00999026]
Batch MSE: 2.02428e-05 (10 windows)
returnHeadWeight: [0.0100094, 0.0100271, 0.00994478, 0.00995893, 0.00997498, 0.0100042, 0.0100218, 0.0099897]
Batch MSE: 1.98227e-05 (10 windows)
returnHeadWeight: [0.0100098, 0.0100284, 0.00994194, 0.00995652, 0.00997401, 0.0100041, 0.0100228, 0.00998915]
Batch MSE: 2.16855e-05 (10 windows)
returnHeadWeight: [0.0100102, 0.0100297, 0.00993898, 0.00995395, 0.00997305, 0.0100039, 0.0100238, 0.00998857]
Batch MSE: 2.25814e-05 (10 windows)
returnHeadWeight: [0.0100106, 0.010031, 0.00993597, 0.00995129, 0.00997214, 0.0100037, 0.0100249, 0.00998798]
Batch MSE: 2.25789e-05 (10 windows)
returnHeadWeight: [0.010011, 0.0100323, 0.00993298, 0.0099486, 0.0099713, 0.0100034, 0.0100259, 0.0099874]
Batch MSE: 2.43032e-05 (10 windows)
returnHeadWeight: [0.0100113, 0.0100336, 0.00992988, 0.00994575, 0.0099705, 0.0100031, 0.010027, 0.00998679]
Batch MSE: 2.46589e-05 (10 windows)
returnHeadWeight: [0.0100117, 0.0100349, 0.00992677, 0.00994283, 0.00996978, 0.0100027, 0.010028, 0.00998617]
Batch MSE: 2.49896e-05 (10 windows)
returnHeadWeight: [0.010012, 0.0100362, 0.00992365, 0.00993984, 0.00996914, 0.0100022, 0.010029, 0.00998555]
Batch MSE: 2.6946e-05 (10 windows)
returnHeadWeight: [0.0100123, 0.0100374, 0.00992043, 0.00993669, 0.00996858, 0.0100016, 0.01003, 0.00998492]
Batch MSE: 2.84701e-05 (10 windows)
returnHeadWeight: [0.0100125, 0.0100387, 0.00991712, 0.00993339, 0.00996809, 0.010001, 0.0100309, 0.00998427]
Batch MSE: 2.95196e-05 (10 windows)
returnHeadWeight: [0.0100127, 0.01004, 0.00991377, 0.00992996, 0.00996771, 0.0100003, 0.0100319, 0.00998361]
Batch MSE: 3.1943e-05 (10 windows)
returnHeadWeight: [0.0100129, 0.0100413, 0.00991029, 0.00992633, 0.00996742, 0.00999945, 0.0100329, 0.00998293]
Batch MSE: 3.17066e-05 (10 windows)
returnHeadWeight: [0.0100131, 0.0100425, 0.00990685, 0.00992265, 0.00996725, 0.00999856, 0.0100338, 0.00998227]
Batch MSE: 3.29224e-05 (10 windows)
returnHeadWeight: [0.0100131, 0.0100437, 0.00990335, 0.00991882, 0.00996718, 0.00999758, 0.0100346, 0.00998159]
Batch MSE: 4.22112e-05 (10 windows)
returnHeadWeight: [0.0100131, 0.0100451, 0.00989947, 0.00991447, 0.00996724, 0.00999641, 0.0100355, 0.00998083]
Batch MSE: 3.64964e-05 (10 windows)
returnHeadWeight: [0.010013, 0.0100463, 0.00989582, 0.0099103, 0.00996742, 0.00999524, 0.0100363, 0.00998015]
Batch MSE: 3.95624e-05 (10 windows)
returnHeadWeight: [0.0100128, 0.0100475, 0.00989204, 0.00990585, 0.00996771, 0.00999396, 0.0100371, 0.00997943]
Batch MSE: 4.12017e-05 (10 windows)
returnHeadWeight: [0.0100125, 0.0100486, 0.00988819, 0.00990123, 0.00996812, 0.0099926, 0.0100378, 0.00997871]
Batch MSE: 4.48893e-05 (10 windows)
returnHeadWeight: [0.010012, 0.0100498, 0.00988419, 0.00989631, 0.00996864, 0.00999111, 0.0100385, 0.00997795]
Batch MSE: 4.80356e-05 (10 windows)
returnHeadWeight: [0.0100114, 0.010051, 0.00988007, 0.00989112, 0.00996927, 0.00998952, 0.0100391, 0.00997718]
Batch MSE: 5.24823e-05 (10 windows)
returnHeadWeight: [0.0100105, 0.0100521, 0.00987577, 0.00988558, 0.00997, 0.00998782, 0.0100396, 0.00997637]
Batch MSE: 5.52819e-05 (10 windows)
returnHeadWeight: [0.0100094, 0.0100532, 0.00987137, 0.00987979, 0.00997081, 0.00998604, 0.0100401, 0.00997552]
Batch MSE: 6.11874e-05 (10 windows)
returnHeadWeight: [0.0100079, 0.0100543, 0.00986675, 0.00987356, 0.00997169, 0.00998415, 0.0100404, 0.00997461]
Batch MSE: 6.98024e-05 (10 windows)
returnHeadWeight: [0.0100061, 0.0100554, 0.00986181, 0.00986676, 0.00997265, 0.00998211, 0.0100406, 0.00997361]
Batch MSE: 7.6126e-05 (10 windows)
returnHeadWeight: [0.0100037, 0.0100565, 0.00985667, 0.00985951, 0.00997365, 0.00998, 0.0100407, 0.00997258]
Batch MSE: 8.54178e-05 (10 windows)
returnHeadWeight: [0.0100007, 0.0100576, 0.00985123, 0.00985168, 0.00997468, 0.00997781, 0.0100406, 0.00997146]
Batch MSE: 9.2842e-05 (10 windows)
returnHeadWeight: [0.00999718, 0.0100586, 0.00984555, 0.00984333, 0.00997571, 0.00997558, 0.0100402, 0.00997025]
Batch MSE: 0.000106872 (10 windows)
returnHeadWeight: [0.00999278, 0.0100595, 0.00983945, 0.00983419, 0.00997673, 0.00997327, 0.0100397, 0.0099689]
Batch MSE: 0.000115541 (10 windows)
returnHeadWeight: [0.00998761, 0.0100604, 0.00983308, 0.00982449, 0.00997771, 0.00997099, 0.0100388, 0.00996746]
Batch MSE: 0.000130576 (10 windows)
returnHeadWeight: [0.00998148, 0.0100613, 0.0098263, 0.00981397, 0.00997864, 0.00996873, 0.0100375, 0.00996588]
Batch MSE: 0.000139864 (10 windows)
returnHeadWeight: [0.00997449, 0.010062, 0.00981925, 0.00980285, 0.0099795, 0.00996656, 0.0100359, 0.00996417]
Batch MSE: 0.000155685 (10 windows)
returnHeadWeight: [0.00996647, 0.0100626, 0.00981178, 0.0097909, 0.00998029, 0.0099645, 0.0100338, 0.0099623]
Batch MSE: 0.000166884 (10 windows)
returnHeadWeight: [0.00995752, 0.0100632, 0.00980401, 0.00977829, 0.00998099, 0.00996261, 0.0100311, 0.00996029]
Batch MSE: 0.000181083 (10 windows)
returnHeadWeight: [0.00994758, 0.0100635, 0.00979587, 0.00976492, 0.00998161, 0.0099609, 0.0100279, 0.00995812]
Batch MSE: 0.0001945 (10 windows)
returnHeadWeight: [0.00993668, 0.0100637, 0.00978739, 0.00975082, 0.00998215, 0.00995943, 0.0100241, 0.00995578]
Batch MSE: 0.000208869 (10 windows)
returnHeadWeight: [0.0099248, 0.0100637, 0.00977854, 0.00973597, 0.00998261, 0.0099582, 0.0100195, 0.00995324]
Batch MSE: 0.000227152 (10 windows)
returnHeadWeight: [0.00991183, 0.0100636, 0.00976924, 0.00972024, 0.009983, 0.00995723, 0.0100142, 0.00995047]
Batch MSE: 0.000237237 (10 windows)
returnHeadWeight: [0.00989804, 0.0100632, 0.00975968, 0.00970392, 0.00998333, 0.00995656, 0.0100081, 0.00994757]
Batch MSE: 0.000251782 (10 windows)
returnHeadWeight: [0.0098833, 0.0100625, 0.00974975, 0.00968687, 0.00998359, 0.00995617, 0.0100011, 0.00994442]
Batch MSE: 0.000263289 (10 windows)
returnHeadWeight: [0.0098677, 0.0100616, 0.00973951, 0.00966919, 0.00998381, 0.00995608, 0.00999333, 0.00994108]
Batch MSE: 0.000285032 (10 windows)
returnHeadWeight: [0.00985096, 0.0100604, 0.00972876, 0.00965056, 0.00998399, 0.00995628, 0.00998448, 0.0099374]
Batch MSE: 0.000296768 (10 windows)
returnHeadWeight: [0.00983337, 0.0100589, 0.00971769, 0.00963132, 0.00998413, 0.00995676, 0.00997474, 0.00993355]
Batch MSE: 0.000312565 (10 windows)
returnHeadWeight: [0.00981483, 0.0100572, 0.00970623, 0.00961134, 0.00998424, 0.00995753, 0.00996404, 0.00992946]
Batch MSE: 0.000332716 (10 windows)
returnHeadWeight: [0.00979521, 0.0100551, 0.0096943, 0.0095905, 0.00998433, 0.00995857, 0.0099523, 0.00992512]
Batch MSE: 0.000344715 (10 windows)
returnHeadWeight: [0.00977476, 0.0100527, 0.00968203, 0.00956906, 0.0099844, 0.00995986, 0.00993968, 0.00992063]
Batch MSE: 0.000351911 (10 windows)
returnHeadWeight: [0.00975364, 0.0100499, 0.00966951, 0.00954719, 0.00998445, 0.00996137, 0.00992626, 0.00991596]
Batch MSE: 0.000367209 (10 windows)
returnHeadWeight: [0.00973161, 0.0100468, 0.00965656, 0.00952464, 0.00998449, 0.00996307, 0.0099119, 0.00991098]
Batch MSE: 0.000391032 (10 windows)
returnHeadWeight: [0.00970842, 0.0100434, 0.00964302, 0.00950115, 0.00998452, 0.00996498, 0.00989642, 0.00990562]
Batch MSE: 0.000408401 (10 windows)
returnHeadWeight: [0.00968428, 0.0100395, 0.009629, 0.00947694, 0.00998454, 0.00996705, 0.00988001, 0.0099]
Batch MSE: 0.000427691 (10 windows)
returnHeadWeight: [0.0096592, 0.0100352, 0.0096145, 0.00945201, 0.00998456, 0.00996927, 0.00986269, 0.00989414]
Batch MSE: 0.00042663 (10 windows)
returnHeadWeight: [0.00963371, 0.0100307, 0.0095998, 0.00942687, 0.00998457, 0.00997157, 0.00984485, 0.00988823]
Batch MSE: 0.000449769 (10 windows)
returnHeadWeight: [0.00960716, 0.0100257, 0.00958448, 0.00940087, 0.00998458, 0.00997398, 0.009826, 0.00988188]
Batch MSE: 0.000469298 (10 windows)
returnHeadWeight: [0.00957968, 0.0100204, 0.00956859, 0.00937414, 0.00998458, 0.00997647, 0.00980626, 0.00987522]
Batch MSE: 0.000468282 (10 windows)
returnHeadWeight: [0.00955189, 0.0100147, 0.00955247, 0.00934726, 0.00998459, 0.00997897, 0.0097861, 0.00986842]
Batch MSE: 0.000489933 (10 windows)
returnHeadWeight: [0.00952315, 0.0100086, 0.00953569, 0.0093196, 0.00998459, 0.00998152, 0.009765, 0.0098611]
Batch MSE: 0.000500229 (10 windows)
returnHeadWeight: [0.0094938, 0.0100021, 0.00951842, 0.00929149, 0.00998459, 0.00998408, 0.00974325, 0.0098534]
Batch MSE: 0.000516625 (10 windows)
returnHeadWeight: [0.00946371, 0.00999511, 0.00950055, 0.00926278, 0.00998459, 0.00998665, 0.00972071, 0.00984518]
Batch MSE: 0.00053039 (10 windows)
returnHeadWeight: [0.00943297, 0.00998774, 0.00948209, 0.00923353, 0.00998459, 0.00998921, 0.00969746, 0.00983643]
Batch MSE: 0.000544118 (10 windows)
returnHeadWeight: [0.0094016, 0.00997995, 0.00946304, 0.00920378, 0.0099846, 0.00999176, 0.00967351, 0.00982714]
Batch MSE: 0.000557967 (10 windows)
returnHeadWeight: [0.00936963, 0.00997167, 0.00944332, 0.00917352, 0.0099846, 0.00999429, 0.00964884, 0.00981698]
Batch MSE: 0.000574614 (10 windows)
returnHeadWeight: [0.009337, 0.00996297, 0.00942293, 0.00914268, 0.0099846, 0.0099968, 0.00962343, 0.0098063]
Batch MSE: 0.000595606 (10 windows)
returnHeadWeight: [0.00930361, 0.00995379, 0.00940177, 0.00911116, 0.0099846, 0.00999929, 0.00959721, 0.00979494]
Batch MSE: 0.000599013 (10 windows)
returnHeadWeight: [0.00927, 0.00994428, 0.00938015, 0.00907943, 0.0099846, 0.0100017, 0.00957056, 0.0097831]
Batch MSE: 0.00061156 (10 windows)
returnHeadWeight: [0.00923589, 0.00993435, 0.00935787, 0.00904725, 0.0099846, 0.0100041, 0.00954329, 0.00977061]
Batch MSE: 0.000631677 (10 windows)
returnHeadWeight: [0.00920112, 0.0099239, 0.00933478, 0.00901444, 0.0099846, 0.0100065, 0.00951521, 0.00975729]
Batch MSE: 0.000641017 (10 windows)
returnHeadWeight: [0.00916599, 0.00991306, 0.00931109, 0.00898127, 0.0099846, 0.0100088, 0.0094866, 0.00974331]
Batch MSE: 0.00065832 (10 windows)
returnHeadWeight: [0.0091303, 0.00990175, 0.00928665, 0.00894756, 0.0099846, 0.0100111, 0.00945727, 0.00972864]
Batch MSE: 0.000670389 (10 windows)
returnHeadWeight: [0.00909422, 0.00989005, 0.00926156, 0.00891343, 0.0099846, 0.0100134, 0.00942737, 0.00971343]
Batch MSE: 0.000696447 (10 windows)
returnHeadWeight: [0.00905739, 0.00987783, 0.00923559, 0.00887856, 0.0099846, 0.0100157, 0.00939661, 0.00969747]
Batch MSE: 0.000677883 (10 windows)
returnHeadWeight: [0.00902098, 0.00986553, 0.00920956, 0.00884404, 0.0099846, 0.0100178, 0.00936598, 0.0096815]
Batch MSE: 0.000692652 (10 windows)
returnHeadWeight: [0.00898413, 0.00985279, 0.00918283, 0.00880905, 0.0099846, 0.0100199, 0.00933472, 0.00966485]
Batch MSE: 0.000692613 (10 windows)
returnHeadWeight: [0.00894724, 0.00983976, 0.0091557, 0.00877397, 0.0099846, 0.010022, 0.00930318, 0.00964776]
Batch MSE: 0.000721673 (10 windows)
returnHeadWeight: [0.00890955, 0.0098261, 0.00912756, 0.00873808, 0.0099846, 0.010024, 0.00927067, 0.0096296]
Batch MSE: 0.000730435 (10 windows)
returnHeadWeight: [0.00887159, 0.00981212, 0.00909886, 0.00870188, 0.0099846, 0.0100261, 0.0092377, 0.00961104]
Batch MSE: 0.000735485 (10 windows)
returnHeadWeight: [0.00883347, 0.00979782, 0.00906967, 0.00866547, 0.0099846, 0.010028, 0.00920435, 0.00959199]
Batch MSE: 0.000722327 (10 windows)
returnHeadWeight: [0.00879568, 0.00978334, 0.00904035, 0.00862933, 0.0099846, 0.01003, 0.00917105, 0.00957258]
Batch MSE: 0.00074931 (10 windows)
returnHeadWeight: [0.00875716, 0.0097683, 0.00901009, 0.00859242, 0.0099846, 0.0100319, 0.00913684, 0.00955228]
Batch MSE: 0.000751429 (10 windows)
returnHeadWeight: [0.00871857, 0.00975295, 0.0089794, 0.0085554, 0.0099846, 0.0100338, 0.00910234, 0.00953148]
Batch MSE: 0.00075217 (10 windows)
returnHeadWeight: [0.00867995, 0.00973731, 0.00894832, 0.00851829, 0.0099846, 0.0100357, 0.00906758, 0.00951018]
Batch MSE: 0.000772442 (10 windows)
returnHeadWeight: [0.00864078, 0.00972112, 0.00891642, 0.00848062, 0.0099846, 0.0100376, 0.00903208, 0.00948793]
Batch MSE: 0.000781637 (10 windows)
returnHeadWeight: [0.00860138, 0.00970457, 0.00888398, 0.00844266, 0.0099846, 0.0100396, 0.00899613, 0.00946511]
Batch MSE: 0.000783692 (10 windows)
returnHeadWeight: [0.00856191, 0.00968773, 0.00885114, 0.00840459, 0.0099846, 0.0100415, 0.00895993, 0.00944186]
Batch MSE: 0.00078731 (10 windows)
returnHeadWeight: [0.00852233, 0.00967055, 0.00881788, 0.00836637, 0.0099846, 0.0100434, 0.00892342, 0.00941805]
Batch MSE: 0.000794458 (10 windows)
returnHeadWeight: [0.00848258, 0.009653, 0.00878412, 0.00832793, 0.0099846, 0.0100453, 0.00888653, 0.00939363]
Batch MSE: 0.000803981 (10 windows)
returnHeadWeight: [0.00844257, 0.00963506, 0.00874983, 0.00828921, 0.0099846, 0.0100472, 0.00884921, 0.00936859]
Batch MSE: 0.00079714 (10 windows)
returnHeadWeight: [0.00840273, 0.0096169, 0.00871536, 0.00825061, 0.0099846, 0.0100492, 0.00881187, 0.00934318]
Batch MSE: 0.000804762 (10 windows)
returnHeadWeight: [0.0083627, 0.00959834, 0.0086804, 0.00821177, 0.0099846, 0.0100512, 0.00877415, 0.00931711]
Batch MSE: 0.000808086 (10 windows)
returnHeadWeight: [0.00832258, 0.00957944, 0.00864506, 0.00817282, 0.0099846, 0.0100533, 0.00873618, 0.00929047]
Batch MSE: 0.00081016 (10 windows)
returnHeadWeight: [0.0082824, 0.0095602, 0.00860938, 0.00813377, 0.0099846, 0.0100554, 0.00869798, 0.00926328]
Batch MSE: 0.000813921 (10 windows)
returnHeadWeight: [0.00824213, 0.00954061, 0.00857333, 0.0080946, 0.0099846, 0.0100576, 0.00865954, 0.00923549]
Batch MSE: 0.000817211 (10 windows)
returnHeadWeight: [0.00820176, 0.00952068, 0.00853692, 0.00805532, 0.0099846, 0.0100599, 0.00862087, 0.00920715]
Batch MSE: 0.000820897 (10 windows)
returnHeadWeight: [0.00816131, 0.00950044, 0.00850018, 0.00801591, 0.0099846, 0.0100622, 0.00858198, 0.00917835]
Batch MSE: 0.000811319 (10 windows)
returnHeadWeight: [0.00812109, 0.00948001, 0.00846341, 0.0079767, 0.0099846, 0.0100646, 0.00854319, 0.00914922]
Batch MSE: 0.000824242 (10 windows)
returnHeadWeight: [0.00808055, 0.00945911, 0.00842609, 0.00793715, 0.0099846, 0.0100672, 0.00850396, 0.0091193]
Batch MSE: 0.000822771 (10 windows)
returnHeadWeight: [0.00804005, 0.00943794, 0.00838857, 0.00789761, 0.0099846, 0.0100699, 0.00846465, 0.00908892]
Batch MSE: 0.000811483 (10 windows)
returnHeadWeight: [0.00799982, 0.00941664, 0.00835109, 0.00785832, 0.0099846, 0.0100727, 0.00842551, 0.00905828]
Batch MSE: 0.000816595 (10 windows)
returnHeadWeight: [0.00795946, 0.00939497, 0.00831328, 0.00781888, 0.0099846, 0.0100756, 0.00838616, 0.00902702]
Batch MSE: 0.00081674 (10 windows)
returnHeadWeight: [0.0079191, 0.00937302, 0.00827528, 0.00777941, 0.0099846, 0.0100787, 0.00834671, 0.00899529]
Batch MSE: 0.000849725 (10 windows)
returnHeadWeight: [0.00787795, 0.00935039, 0.00823635, 0.00773916, 0.0099846, 0.010082, 0.00830642, 0.00896249]
Batch MSE: 0.000814853 (10 windows)
returnHeadWeight: [0.00783764, 0.00932799, 0.00819805, 0.0076997, 0.0099846, 0.0100854, 0.00826688, 0.00893012]
Batch MSE: 0.000810278 (10 windows)
returnHeadWeight: [0.00779743, 0.00930541, 0.00815969, 0.00766033, 0.0099846, 0.0100888, 0.0082274, 0.00889745]
Batch MSE: 0.000806013 (10 windows)
returnHeadWeight: [0.00775733, 0.00928265, 0.00812129, 0.00762104, 0.0099846, 0.0100925, 0.00818796, 0.00886449]
Batch MSE: 0.00081395 (10 windows)
returnHeadWeight: [0.00771703, 0.00925955, 0.00808256, 0.00758155, 0.0099846, 0.0100962, 0.00814828, 0.00883103]
Batch MSE: 0.000811793 (10 windows)
returnHeadWeight: [0.0076768, 0.00923627, 0.00804377, 0.0075421, 0.0099846, 0.0101001, 0.00810863, 0.00879733]
Batch MSE: 0.000788637 (10 windows)
returnHeadWeight: [0.00763713, 0.00921312, 0.00800541, 0.00750319, 0.0099846, 0.010104, 0.0080695, 0.00876386]
Batch MSE: 0.00078876 (10 windows)
returnHeadWeight: [0.00759746, 0.00918976, 0.00796693, 0.00746426, 0.0099846, 0.0101081, 0.00803034, 0.00873007]
Batch MSE: 0.000780285 (10 windows)
returnHeadWeight: [0.007558, 0.00916632, 0.00792856, 0.00742553, 0.0099846, 0.0101121, 0.00799136, 0.00869619]
Batch MSE: 0.000772365 (10 windows)
returnHeadWeight: [0.00751874, 0.00914282, 0.0078903, 0.00738699, 0.0099846, 0.0101163, 0.00795256, 0.00866226]
Batch MSE: 0.000764733 (10 windows)
returnHeadWeight: [0.00747967, 0.00911924, 0.00785213, 0.00734862, 0.0099846, 0.0101205, 0.00791393, 0.00862824]
Batch MSE: 0.000761481 (10 windows)
returnHeadWeight: [0.00744069, 0.00909552, 0.00781398, 0.00731033, 0.0099846, 0.0101247, 0.00787538, 0.00859403]
Batch MSE: 0.000751802 (10 windows)
returnHeadWeight: [0.00740196, 0.00907177, 0.00777599, 0.00727227, 0.0099846, 0.0101289, 0.00783706, 0.00855979]
Batch MSE: 0.000758571 (10 windows)
returnHeadWeight: [0.00736305, 0.00904775, 0.00773777, 0.00723403, 0.0099846, 0.010133, 0.00779856, 0.00852519]
Batch MSE: 0.000744603 (10 windows)
returnHeadWeight: [0.00732451, 0.00902379, 0.00769984, 0.00719613, 0.0099846, 0.0101372, 0.00776041, 0.00849079]
Batch MSE: 0.000733478 (10 windows)
returnHeadWeight: [0.00728627, 0.00899989, 0.00766216, 0.00715854, 0.0099846, 0.0101412, 0.00772259, 0.00845655]
Batch MSE: 0.000738798 (10 windows)
returnHeadWeight: [0.00724787, 0.00897572, 0.00762428, 0.00712077, 0.0099846, 0.0101451, 0.0076846, 0.008422]
Batch MSE: 0.00073216 (10 windows)
returnHeadWeight: [0.00720964, 0.00895152, 0.00758653, 0.00708317, 0.0099846, 0.0101489, 0.00764681, 0.00838752]
Batch MSE: 0.000731279 (10 windows)
returnHeadWeight: [0.00717145, 0.00892721, 0.00754876, 0.00704559, 0.0099846, 0.0101525, 0.00760906, 0.00835301]
Batch MSE: 0.000731638 (10 windows)
returnHeadWeight: [0.00713323, 0.00890275, 0.00751095, 0.00700799, 0.0099846, 0.010156, 0.00757132, 0.00831841]
Batch MSE: 0.000716483 (10 windows)
returnHeadWeight: [0.00709542, 0.00887842, 0.00747349, 0.00697078, 0.0099846, 0.0101592, 0.007534, 0.00828417]
Batch MSE: 0.000709735 (10 windows)
returnHeadWeight: [0.00705778, 0.00885407, 0.00743618, 0.00693373, 0.0099846, 0.0101622, 0.0074969, 0.00825009]
Batch MSE: 0.000708758 (10 windows)
returnHeadWeight: [0.00702017, 0.0088296, 0.00739888, 0.00689671, 0.0099846, 0.010165, 0.00745987, 0.00821601]
Batch MSE: 0.00069886 (10 windows)
returnHeadWeight: [0.00698282, 0.00880519, 0.00736181, 0.00685994, 0.0099846, 0.0101675, 0.00742314, 0.00818221]
Batch MSE: 0.000701464 (10 windows)
returnHeadWeight: [0.0069454, 0.0087806, 0.00732466, 0.00682309, 0.0099846, 0.0101697, 0.00738639, 0.00814838]
Batch MSE: 0.000690329 (10 windows)
returnHeadWeight: [0.00690828, 0.00875607, 0.00728778, 0.00678654, 0.0099846, 0.0101717, 0.00734998, 0.00811485]
Batch MSE: 0.000686858 (10 windows)
returnHeadWeight: [0.00687126, 0.00873149, 0.00725098, 0.00675007, 0.0099846, 0.0101733, 0.00731374, 0.00808153]
Batch MSE: 0.000678905 (10 windows)
returnHeadWeight: [0.00683444, 0.00870692, 0.00721438, 0.0067138, 0.0099846, 0.0101746, 0.00727777, 0.00804854]
Batch MSE: 0.000674296 (10 windows)
returnHeadWeight: [0.00679776, 0.00868231, 0.00717789, 0.00667765, 0.0099846, 0.0101757, 0.007242, 0.0080158]
Batch MSE: 0.000667146 (10 windows)
returnHeadWeight: [0.00676126, 0.0086577, 0.00714158, 0.00664169, 0.0099846, 0.0101764, 0.0072065, 0.00798343]
Batch MSE: 0.000656505 (10 windows)
returnHeadWeight: [0.00672506, 0.00863318, 0.00710555, 0.006606, 0.0099846, 0.0101768, 0.00717136, 0.0079515]
Batch MSE: 0.00066675 (10 windows)
returnHeadWeight: [0.00668859, 0.00860835, 0.00706925, 0.00657004, 0.0099846, 0.010177, 0.00713604, 0.00791954]
Batch MSE: 0.000646067 (10 windows)
returnHeadWeight: [0.00665268, 0.00858378, 0.0070335, 0.00653463, 0.0099846, 0.0101769, 0.00710135, 0.00788838]
Batch MSE: 0.000639494 (10 windows)
returnHeadWeight: [0.00661695, 0.00855922, 0.00699792, 0.00649938, 0.0099846, 0.0101766, 0.00706693, 0.00785761]
Batch MSE: 0.000634835 (10 windows)
returnHeadWeight: [0.00658135, 0.00853463, 0.00696247, 0.00646425, 0.0099846, 0.0101759, 0.0070327, 0.0078272]
Batch MSE: 0.000623196 (10 windows)
returnHeadWeight: [0.00654608, 0.00851015, 0.00692734, 0.00642944, 0.0099846, 0.0101751, 0.00699887, 0.00779732]
Batch MSE: 0.000619692 (10 windows)
returnHeadWeight: [0.00651091, 0.00848562, 0.00689231, 0.00639471, 0.0099846, 0.010174, 0.0069652, 0.00776769]
Batch MSE: 0.000616926 (10 windows)
returnHeadWeight: [0.00647582, 0.00846102, 0.00685735, 0.00636005, 0.0099846, 0.0101726, 0.00693166, 0.00773831]
Batch MSE: 0.000620521 (10 windows)
returnHeadWeight: [0.00644063, 0.00843623, 0.00682228, 0.00632528, 0.0099846, 0.010171, 0.00689808, 0.00770906]
Batch MSE: 0.000603656 (10 windows)
returnHeadWeight: [0.00640591, 0.00841167, 0.00678769, 0.00629097, 0.0099846, 0.0101692, 0.00686503, 0.00768046]
Batch MSE: 0.000601402 (10 windows)
returnHeadWeight: [0.00637126, 0.00838703, 0.00675316, 0.00625671, 0.0099846, 0.0101672, 0.0068321, 0.00765204]
Batch MSE: 0.000600103 (10 windows)
returnHeadWeight: [0.00633665, 0.0083623, 0.00671867, 0.00622247, 0.0099846, 0.0101649, 0.00679924, 0.0076238]
Batch MSE: 0.000587398 (10 windows)
returnHeadWeight: [0.00630241, 0.00833773, 0.00668454, 0.00618859, 0.0099846, 0.0101625, 0.00676678, 0.00759599]
Batch MSE: 0.00057977 (10 windows)
returnHeadWeight: [0.00626839, 0.00831319, 0.00665064, 0.00615491, 0.0099846, 0.0101598, 0.00673457, 0.00756842]
Batch MSE: 0.000579022 (10 windows)
returnHeadWeight: [0.0062344, 0.00828856, 0.00661676, 0.00612126, 0.0099846, 0.0101569, 0.00670241, 0.00754094]
Batch MSE: 0.000574655 (10 windows)
returnHeadWeight: [0.00620053, 0.0082639, 0.006583, 0.00608771, 0.0099846, 0.0101538, 0.0066704, 0.00751358]
Batch MSE: 0.000571965 (10 windows)
returnHeadWeight: [0.00616674, 0.00823918, 0.00654932, 0.00605423, 0.0099846, 0.0101505, 0.00663848, 0.0074863]
Batch MSE: 0.000570137 (10 windows)
returnHeadWeight: [0.00613301, 0.00821438, 0.00651569, 0.00602079, 0.0099846, 0.0101469, 0.00660663, 0.00745907]
Batch MSE: 0.000561691 (10 windows)
returnHeadWeight: [0.00609952, 0.00818965, 0.00648231, 0.00598758, 0.0099846, 0.0101432, 0.00657503, 0.00743204]
Batch MSE: 0.000564708 (10 windows)
returnHeadWeight: [0.00606595, 0.00816474, 0.00644884, 0.00595427, 0.0099846, 0.0101392, 0.00654336, 0.00740493]
Batch MSE: 0.000571428 (10 windows)
returnHeadWeight: [0.00603218, 0.00813959, 0.00641518, 0.00592077, 0.0099846, 0.010135, 0.00651152, 0.00737766]
Batch MSE: 0.000548978 (10 windows)
returnHeadWeight: [0.00599908, 0.00811481, 0.00638218, 0.00588791, 0.0099846, 0.0101307, 0.0064803, 0.00735092]
Batch MSE: 0.000551265 (10 windows)
returnHeadWeight: [0.0059659, 0.00808988, 0.00634911, 0.00585496, 0.0099846, 0.0101261, 0.00644902, 0.00732409]
Batch MSE: 0.000546088 (10 windows)
returnHeadWeight: [0.00593289, 0.00806494, 0.00631619, 0.00582216, 0.0099846, 0.0101213, 0.00641788, 0.00729736]
Batch MSE: 0.000542133 (10 windows)
returnHeadWeight: [0.00589999, 0.00803999, 0.0062834, 0.00578947, 0.0099846, 0.0101164, 0.00638686, 0.00727069]
Batch MSE: 0.000530834 (10 windows)
returnHeadWeight: [0.00586743, 0.00801518, 0.00625094, 0.00575711, 0.0099846, 0.0101112, 0.00635616, 0.00724427]
Batch MSE: 0.000535119 (10 windows)
returnHeadWeight: [0.00583475, 0.00799016, 0.00621836, 0.00572461, 0.0099846, 0.0101058, 0.00632534, 0.00721769]
Batch MSE: 0.000539821 (10 windows)
returnHeadWeight: [0.00580192, 0.00796492, 0.00618563, 0.00569196, 0.0099846, 0.0101002, 0.00629439, 0.00719095]
Batch MSE: 0.000533533 (10 windows)
returnHeadWeight: [0.00576929, 0.00793971, 0.00615309, 0.00565949, 0.0099846, 0.0100943, 0.00626361, 0.00716433]
Batch MSE: 0.000530861 (10 windows)
returnHeadWeight: [0.00573674, 0.00791445, 0.00612064, 0.0056271, 0.0099846, 0.0100882, 0.0062329, 0.00713777]
Batch MSE: 0.000520172 (10 windows)
returnHeadWeight: [0.00570451, 0.00788934, 0.00608851, 0.00559502, 0.0099846, 0.010082, 0.00620249, 0.00711145]
Batch MSE: 0.00052244 (10 windows)
returnHeadWeight: [0.00567222, 0.00786407, 0.00605631, 0.00556286, 0.0099846, 0.0100756, 0.00617201, 0.00708505]
Batch MSE: 0.000523198 (10 windows)
returnHeadWeight: [0.0056399, 0.00783867, 0.00602409, 0.00553067, 0.0099846, 0.0100689, 0.0061415, 0.00705862]
Batch MSE: 0.000508959 (10 windows)
returnHeadWeight: [0.00560803, 0.00781351, 0.00599231, 0.00549891, 0.0099846, 0.0100622, 0.0061114, 0.00703254]
Batch MSE: 0.000508033 (10 windows)
returnHeadWeight: [0.00557618, 0.00778827, 0.00596055, 0.00546718, 0.0099846, 0.0100552, 0.00608131, 0.00700646]
Batch MSE: 0.000508481 (10 windows)
returnHeadWeight: [0.00554432, 0.00776291, 0.00592879, 0.00543542, 0.0099846, 0.0100481, 0.00605121, 0.00698036]
Batch MSE: 0.000504592 (10 windows)
returnHeadWeight: [0.00551258, 0.00773754, 0.00589714, 0.00540378, 0.0099846, 0.0100407, 0.0060212, 0.00695436]
Batch MSE: 0.00049659 (10 windows)
returnHeadWeight: [0.0054811, 0.00771226, 0.00586575, 0.00537239, 0.0099846, 0.0100333, 0.00599144, 0.00692855]
Batch MSE: 0.000499743 (10 windows)
returnHeadWeight: [0.00544951, 0.0076868, 0.00583425, 0.00534089, 0.0099846, 0.0100256, 0.00596156, 0.00690264]
Batch MSE: 0.00050256 (10 windows)
returnHeadWeight: [0.00541784, 0.00766117, 0.00580267, 0.00530929, 0.0099846, 0.0100177, 0.00593159, 0.00687667]
Batch MSE: 0.000492905 (10 windows)
returnHeadWeight: [0.00538647, 0.00763569, 0.0057714, 0.00527799, 0.0099846, 0.0100097, 0.00590189, 0.00685098]
Batch MSE: 0.000491708 (10 windows)
returnHeadWeight: [0.00535514, 0.00761014, 0.00574016, 0.00524673, 0.0099846, 0.0100015, 0.00587221, 0.00682533]
Batch MSE: 0.000487884 (10 windows)
returnHeadWeight: [0.00532394, 0.00758459, 0.00570904, 0.00521558, 0.0099846, 0.00999323, 0.00584263, 0.00679978]
Batch MSE: 0.000482308 (10 windows)
returnHeadWeight: [0.00529291, 0.00755909, 0.0056781, 0.00518461, 0.0099846, 0.00998482, 0.00581321, 0.00677439]
Batch MSE: 0.00048217 (10 windows)
returnHeadWeight: [0.00526188, 0.00753349, 0.00564717, 0.00515363, 0.0099846, 0.00997624, 0.00578377, 0.00674901]
Batch MSE: 0.000492727 (10 windows)
returnHeadWeight: [0.00523054, 0.00750753, 0.00561591, 0.00512233, 0.0099846, 0.00996741, 0.00575402, 0.00672338]
Batch MSE: 0.000468748 (10 windows)
returnHeadWeight: [0.00519997, 0.00748212, 0.00558543, 0.0050918, 0.0099846, 0.00995865, 0.00572499, 0.0066984]
Batch MSE: 0.000470082 (10 windows)
returnHeadWeight: [0.00516934, 0.00745657, 0.00555489, 0.00506121, 0.0099846, 0.00994971, 0.00569588, 0.00667339]
Batch MSE: 0.000461395 (10 windows)
returnHeadWeight: [0.00513899, 0.00743116, 0.00552463, 0.0050309, 0.0099846, 0.00994071, 0.00566703, 0.00664862]
Batch MSE: 0.00045255 (10 windows)
returnHeadWeight: [0.00510893, 0.0074059, 0.00549466, 0.00500087, 0.0099846, 0.00993165, 0.00563845, 0.00662409]
Batch MSE: 0.000455006 (10 windows)
returnHeadWeight: [0.0050788, 0.00738048, 0.0054646, 0.00497076, 0.0099846, 0.00992242, 0.00560978, 0.00659951]
Batch MSE: 0.000448331 (10 windows)
returnHeadWeight: [0.00504889, 0.00735516, 0.00543478, 0.00494087, 0.0099846, 0.00991311, 0.00558131, 0.00657512]
Batch MSE: 0.000448001 (10 windows)
returnHeadWeight: [0.00501899, 0.00732978, 0.00540497, 0.004911, 0.0099846, 0.00990368, 0.00555284, 0.00655075]
Batch MSE: 0.000442791 (10 windows)
returnHeadWeight: [0.00498927, 0.00730445, 0.00537533, 0.00488129, 0.0099846, 0.00989418, 0.00552452, 0.00652654]
Batch MSE: 0.000437202 (10 windows)
returnHeadWeight: [0.00495973, 0.00727919, 0.00534587, 0.00485176, 0.0099846, 0.0098846, 0.00549636, 0.0065025]
Batch MSE: 0.000432036 (10 windows)
returnHeadWeight: [0.00493036, 0.00725401, 0.00531659, 0.00482241, 0.0099846, 0.00987496, 0.00546836, 0.00647861]
Batch MSE: 0.00043059 (10 windows)
returnHeadWeight: [0.00490104, 0.00722878, 0.00528735, 0.0047931, 0.0099846, 0.00986522, 0.00544039, 0.00645478]
Batch MSE: 0.000433678 (10 windows)
returnHeadWeight: [0.00487162, 0.00720339, 0.00525801, 0.00476369, 0.0099846, 0.00985533, 0.0054123, 0.00643088]
Batch MSE: 0.00043123 (10 windows)
returnHeadWeight: [0.00484229, 0.00717799, 0.00522876, 0.00473436, 0.0099846, 0.00984535, 0.00538428, 0.00640708]
Batch MSE: 0.00042562 (10 windows)
returnHeadWeight: [0.00481315, 0.0071527, 0.00519971, 0.00470523, 0.0099846, 0.00983534, 0.00535644, 0.00638345]
Batch MSE: 0.00041808 (10 windows)
returnHeadWeight: [0.00478426, 0.00712754, 0.0051709, 0.00467634, 0.0099846, 0.0098253, 0.00532882, 0.00636005]
Batch MSE: 0.000410683 (10 windows)
returnHeadWeight: [0.00475563, 0.00710254, 0.00514235, 0.00464771, 0.0099846, 0.00981526, 0.00530144, 0.00633687]
Batch MSE: 0.000411299 (10 windows)
returnHeadWeight: [0.00472698, 0.00707745, 0.00511378, 0.00461906, 0.0099846, 0.0098051, 0.00527402, 0.00631369]
Batch MSE: 0.000405145 (10 windows)
returnHeadWeight: [0.00469854, 0.00705248, 0.00508542, 0.00459062, 0.0099846, 0.00979493, 0.0052468, 0.0062907]
Batch MSE: 0.000403963 (10 windows)
returnHeadWeight: [0.00467015, 0.00702748, 0.00505711, 0.00456222, 0.0099846, 0.00978468, 0.0052196, 0.00626778]
Batch MSE: 0.000398612 (10 windows)
returnHeadWeight: [0.00464194, 0.00700259, 0.00502898, 0.00453401, 0.0099846, 0.00977441, 0.00519257, 0.00624503]
Batch MSE: 0.000390596 (10 windows)
returnHeadWeight: [0.00461402, 0.00697788, 0.00500114, 0.00450609, 0.0099846, 0.00976416, 0.0051658, 0.00622252]
Batch MSE: 0.000387464 (10 windows)
returnHeadWeight: [0.00458621, 0.00695321, 0.00497341, 0.00447828, 0.0099846, 0.00975386, 0.00513913, 0.00620012]
Batch MSE: 0.000386213 (10 windows)
returnHeadWeight: [0.00455845, 0.00692852, 0.00494572, 0.00445051, 0.0099846, 0.0097435, 0.00511249, 0.00617778]
Batch MSE: 0.000403301 (10 windows)
returnHeadWeight: [0.00453017, 0.00690332, 0.00491753, 0.00442222, 0.0099846, 0.00973287, 0.00508535, 0.00615504]
Batch MSE: 0.00038154 (10 windows)
returnHeadWeight: [0.00450257, 0.00687867, 0.00489001, 0.00439462, 0.0099846, 0.00972242, 0.00505885, 0.00613289]
Batch MSE: 0.000376501 (10 windows)
returnHeadWeight: [0.00447516, 0.00685413, 0.00486267, 0.0043672, 0.0099846, 0.00971196, 0.00503251, 0.00611092]
Batch MSE: 0.000371631 (10 windows)
returnHeadWeight: [0.00444793, 0.0068297, 0.00483552, 0.00433996, 0.0099846, 0.00970151, 0.00500634, 0.00608912]
Batch MSE: 0.000365909 (10 windows)
returnHeadWeight: [0.00442091, 0.0068054, 0.00480857, 0.00431293, 0.0099846, 0.00969107, 0.00498035, 0.0060675]
Batch MSE: 0.000360034 (10 windows)
returnHeadWeight: [0.0043941, 0.00678125, 0.00478184, 0.00428611, 0.0099846, 0.00968064, 0.00495457, 0.00604608]
Batch MSE: 0.000355921 (10 windows)
returnHeadWeight: [0.00436745, 0.00675719, 0.00475526, 0.00425945, 0.0099846, 0.0096702, 0.00492892, 0.00602479]
Batch MSE: 0.000355838 (10 windows)
returnHeadWeight: [0.0043408, 0.00673308, 0.00472869, 0.00423279, 0.0099846, 0.00965971, 0.00490327, 0.00600352]
Batch MSE: 0.000357687 (10 windows)
returnHeadWeight: [0.00431409, 0.00670888, 0.00470205, 0.00420607, 0.0099846, 0.00964913, 0.00487755, 0.00598222]
Batch MSE: 0.000343308 (10 windows)
returnHeadWeight: [0.00428792, 0.00668512, 0.00467596, 0.00417989, 0.0099846, 0.0096387, 0.00485235, 0.00596138]
Batch MSE: 0.00034438 (10 windows)
returnHeadWeight: [0.0042617, 0.00666128, 0.00464982, 0.00415366, 0.0099846, 0.0096282, 0.0048271, 0.00594051]
Batch MSE: 0.000340449 (10 windows)
returnHeadWeight: [0.00423563, 0.00663752, 0.00462383, 0.00412758, 0.0099846, 0.0096177, 0.00480198, 0.00591978]
Batch MSE: 0.000334721 (10 windows)
returnHeadWeight: [0.00420979, 0.00661393, 0.00459805, 0.00410172, 0.0099846, 0.00960723, 0.00477707, 0.00589924]
Batch MSE: 0.000333013 (10 windows)
returnHeadWeight: [0.004184, 0.00659036, 0.00457234, 0.00407593, 0.0099846, 0.00959674, 0.00475221, 0.00587876]
Batch MSE: 0.000333864 (10 windows)
returnHeadWeight: [0.00415819, 0.00656672, 0.0045466, 0.0040501, 0.0099846, 0.00958619, 0.00472732, 0.00585828]
Batch MSE: 0.000324119 (10 windows)
returnHeadWeight: [0.00413276, 0.0065434, 0.00452125, 0.00402466, 0.0099846, 0.00957574, 0.00470279, 0.00583814]
Batch MSE: 0.000317038 (10 windows)
returnHeadWeight: [0.00410761, 0.0065203, 0.00449616, 0.00399949, 0.0099846, 0.00956536, 0.00467852, 0.00581822]
Batch MSE: 0.000312854 (10 windows)
returnHeadWeight: [0.00408262, 0.00649731, 0.00447125, 0.00397449, 0.0099846, 0.009555, 0.00465441, 0.00579846]
Batch MSE: 0.000315097 (10 windows)
returnHeadWeight: [0.00405754, 0.00647421, 0.00444624, 0.0039494, 0.0099846, 0.00954456, 0.00463021, 0.00577863]
Batch MSE: 0.000305843 (10 windows)
returnHeadWeight: [0.00403284, 0.00645142, 0.00442161, 0.00392468, 0.0099846, 0.00953423, 0.00460636, 0.00575911]
Batch MSE: 0.000304552 (10 windows)
returnHeadWeight: [0.00400818, 0.00642864, 0.00439703, 0.00390002, 0.0099846, 0.00952388, 0.00458256, 0.00573965]
Batch MSE: 0.00030198 (10 windows)
returnHeadWeight: [0.00398363, 0.00640593, 0.00437255, 0.00387546, 0.0099846, 0.00951354, 0.00455886, 0.00572028]
Batch MSE: 0.000304438 (10 windows)
returnHeadWeight: [0.003959, 0.00638312, 0.00434798, 0.00385081, 0.0099846, 0.00950311, 0.00453506, 0.00570087]
Batch MSE: 0.000294937 (10 windows)
returnHeadWeight: [0.00393474, 0.00636062, 0.00432379, 0.00382653, 0.0099846, 0.00949281, 0.00451163, 0.00568178]
Batch MSE: 0.000294241 (10 windows)
returnHeadWeight: [0.0039105, 0.00633812, 0.00429963, 0.00380228, 0.0099846, 0.00948247, 0.00448822, 0.00566272]
Batch MSE: 0.000286797 (10 windows)
returnHeadWeight: [0.00388657, 0.00631588, 0.00427577, 0.00377835, 0.0099846, 0.00947224, 0.0044651, 0.00564392]
Batch MSE: 0.000287012 (10 windows)
returnHeadWeight: [0.00386264, 0.00629361, 0.00425191, 0.0037544, 0.0099846, 0.00946196, 0.00444198, 0.00562512]
Batch MSE: 0.000278704 (10 windows)
returnHeadWeight: [0.00383906, 0.00627164, 0.00422839, 0.0037308, 0.0099846, 0.0094518, 0.00441919, 0.00560662]
Batch MSE: 0.000282147 (10 windows)
returnHeadWeight: [0.00381533, 0.00624951, 0.00420473, 0.00370706, 0.0099846, 0.00944154, 0.00439625, 0.00558801]
Batch MSE: 0.000277112 (10 windows)
returnHeadWeight: [0.00379181, 0.00622755, 0.00418129, 0.00368353, 0.0099846, 0.00943134, 0.00437352, 0.00556958]
Batch MSE: 0.000271858 (10 windows)
returnHeadWeight: [0.00376852, 0.00620578, 0.00415806, 0.00366022, 0.0099846, 0.00942121, 0.00435101, 0.00555134]
Batch MSE: 0.000269017 (10 windows)
returnHeadWeight: [0.00374535, 0.00618411, 0.00413496, 0.00363704, 0.0099846, 0.0094111, 0.00432861, 0.00553321]
Batch MSE: 0.000264344 (10 windows)
returnHeadWeight: [0.00372238, 0.0061626, 0.00411206, 0.00361406, 0.0099846, 0.00940104, 0.00430641, 0.00551525]
Batch MSE: 0.000262804 (10 windows)
returnHeadWeight: [0.00369948, 0.00614114, 0.00408923, 0.00359115, 0.0099846, 0.00939099, 0.00428427, 0.00549735]
Batch MSE: 0.000259169 (10 windows)
returnHeadWeight: [0.00367674, 0.00611981, 0.00406656, 0.00356839, 0.0099846, 0.00938097, 0.00426228, 0.00547959]
Batch MSE: 0.000251792 (10 windows)
returnHeadWeight: [0.00365432, 0.00609876, 0.00404421, 0.00354597, 0.0099846, 0.00937107, 0.00424061, 0.0054621]
Batch MSE: 0.000253606 (10 windows)
returnHeadWeight: [0.00363183, 0.00607762, 0.00402178, 0.00352346, 0.0099846, 0.00936111, 0.00421886, 0.00544455]
Batch MSE: 0.000251843 (10 windows)
returnHeadWeight: [0.00360941, 0.00605653, 0.00399942, 0.00350102, 0.0099846, 0.00935116, 0.00419718, 0.00542707]
Batch MSE: 0.000248836 (10 windows)
returnHeadWeight: [0.00358712, 0.00603556, 0.00397721, 0.00347873, 0.0099846, 0.00934124, 0.00417564, 0.0054097]
Batch MSE: 0.000244104 (10 windows)
returnHeadWeight: [0.00356505, 0.00601477, 0.0039552, 0.00345664, 0.0099846, 0.00933138, 0.00415429, 0.00539251]
Batch MSE: 0.00023802 (10 windows)
returnHeadWeight: [0.00354326, 0.00599422, 0.00393347, 0.00343484, 0.0099846, 0.00932163, 0.00413322, 0.00537555]
Batch MSE: 0.000258395 (10 windows)
returnHeadWeight: [0.00352069, 0.00597292, 0.00391097, 0.00341225, 0.0099846, 0.0093115, 0.00411139, 0.00535799]
Batch MSE: 0.00023298 (10 windows)
returnHeadWeight: [0.00349913, 0.00595258, 0.00388948, 0.00339068, 0.0099846, 0.0093018, 0.00409055, 0.00534125]
Batch MSE: 0.000231773 (10 windows)
returnHeadWeight: [0.00347762, 0.00593226, 0.00386804, 0.00336916, 0.0099846, 0.0092921, 0.00406975, 0.00532455]
Batch MSE: 0.000230712 (10 windows)
returnHeadWeight: [0.00345617, 0.00591197, 0.00384664, 0.00334769, 0.0099846, 0.0092824, 0.00404899, 0.0053079]
Batch MSE: 0.000223866 (10 windows)
returnHeadWeight: [0.00343503, 0.00589198, 0.00382557, 0.00332654, 0.0099846, 0.00927282, 0.00402855, 0.0052915]
Batch MSE: 0.000221279 (10 windows)
returnHeadWeight: [0.00341402, 0.00587209, 0.00380463, 0.00330552, 0.0099846, 0.00926327, 0.00400823, 0.00527521]
Batch MSE: 0.000221557 (10 windows)
returnHeadWeight: [0.00339299, 0.00585217, 0.00378366, 0.00328448, 0.0099846, 0.0092537, 0.0039879, 0.00525892]
Batch MSE: 0.00022029 (10 windows)
returnHeadWeight: [0.00337203, 0.0058323, 0.00376276, 0.0032635, 0.0099846, 0.00924414, 0.00396763, 0.00524268]
Batch MSE: 0.000217351 (10 windows)
returnHeadWeight: [0.0033512, 0.00581255, 0.003742, 0.00324266, 0.0099846, 0.00923461, 0.00394748, 0.00522656]
Batch MSE: 0.000210004 (10 windows)
returnHeadWeight: [0.00333073, 0.00579313, 0.00372159, 0.00322218, 0.0099846, 0.00922523, 0.00392769, 0.00521072]
Batch MSE: 0.000210009 (10 windows)
returnHeadWeight: [0.00331026, 0.00577369, 0.00370118, 0.0032017, 0.0099846, 0.00921583, 0.00390789, 0.00519488]
Batch MSE: 0.000202404 (10 windows)
returnHeadWeight: [0.00329016, 0.00575461, 0.00368115, 0.00318159, 0.0099846, 0.00920658, 0.00388846, 0.00517935]
Batch MSE: 0.00020713 (10 windows)
returnHeadWeight: [0.00326983, 0.00573529, 0.00366089, 0.00316125, 0.0099846, 0.0091972, 0.0038688, 0.00516364]
Batch MSE: 0.000211978 (10 windows)
returnHeadWeight: [0.00324927, 0.00571574, 0.00364039, 0.00314068, 0.0099846, 0.0091877, 0.00384892, 0.00514776]
Batch MSE: 0.000197631 (10 windows)
returnHeadWeight: [0.00322941, 0.00569685, 0.00362059, 0.00312081, 0.0099846, 0.00917851, 0.00382971, 0.00513242]
Batch MSE: 0.00020077 (10 windows)
returnHeadWeight: [0.0032094, 0.0056778, 0.00360064, 0.00310078, 0.0099846, 0.00916922, 0.00381036, 0.00511698]
Batch MSE: 0.000196425 (10 windows)
returnHeadWeight: [0.00318961, 0.00565896, 0.00358091, 0.00308098, 0.0099846, 0.00916002, 0.00379122, 0.00510171]
Batch MSE: 0.000194278 (10 windows)
returnHeadWeight: [0.00316992, 0.0056402, 0.00356128, 0.00306127, 0.0099846, 0.00915084, 0.00377218, 0.00508653]
Batch MSE: 0.000188783 (10 windows)
returnHeadWeight: [0.00315051, 0.0056217, 0.00354193, 0.00304185, 0.0099846, 0.00914179, 0.00375341, 0.00507157]
Batch MSE: 0.000191982 (10 windows)
returnHeadWeight: [0.00313094, 0.00560304, 0.00352242, 0.00302227, 0.0099846, 0.00913263, 0.00373449, 0.00505649]
Batch MSE: 0.000187994 (10 windows)
returnHeadWeight: [0.00311157, 0.00558457, 0.00350312, 0.00300289, 0.0099846, 0.00912356, 0.00371577, 0.00504157]
Batch MSE: 0.000182908 (10 windows)
returnHeadWeight: [0.00309247, 0.00556635, 0.00348408, 0.00298378, 0.0099846, 0.00911459, 0.0036973, 0.00502686]
Batch MSE: 0.000176483 (10 windows)
returnHeadWeight: [0.00307374, 0.00554848, 0.00346541, 0.00296504, 0.0099846, 0.00910579, 0.00367919, 0.00501245]
Batch MSE: 0.000177794 (10 windows)
returnHeadWeight: [0.00305492, 0.0055305, 0.00344665, 0.00294621, 0.0099846, 0.00909692, 0.00366099, 0.00499797]
Batch MSE: 0.00017771 (10 windows)
returnHeadWeight: [0.0030361, 0.00551252, 0.00342788, 0.00292737, 0.0099846, 0.00908804, 0.0036428, 0.00498348]
Batch MSE: 0.000178635 (10 windows)
returnHeadWeight: [0.00301722, 0.00549449, 0.00340907, 0.00290849, 0.0099846, 0.00907912, 0.00362455, 0.00496897]
Batch MSE: 0.000172633 (10 windows)
returnHeadWeight: [0.00299868, 0.00547677, 0.00339059, 0.00288994, 0.0099846, 0.00907034, 0.00360663, 0.00495472]
Batch MSE: 0.000173877 (10 windows)
returnHeadWeight: [0.00298006, 0.00545896, 0.00337202, 0.0028713, 0.0099846, 0.0090615, 0.00358862, 0.0049404]
Batch MSE: 0.000167466 (10 windows)
returnHeadWeight: [0.00296178, 0.00544147, 0.0033538, 0.002853, 0.0099846, 0.00905282, 0.00357095, 0.00492635]
Batch MSE: 0.000167109 (10 windows)
returnHeadWeight: [0.00294351, 0.005424, 0.0033356, 0.00283473, 0.0099846, 0.00904412, 0.0035533, 0.00491233]
Batch MSE: 0.000166569 (10 windows)
returnHeadWeight: [0.00292529, 0.00540656, 0.00331743, 0.0028165, 0.0099846, 0.00903544, 0.00353568, 0.00489833]
Batch MSE: 0.000161791 (10 windows)
returnHeadWeight: [0.00290732, 0.00538936, 0.00329953, 0.00279852, 0.0099846, 0.00902686, 0.00351831, 0.00488454]
Batch MSE: 0.000161955 (10 windows)
returnHeadWeight: [0.00288936, 0.00537216, 0.00328163, 0.00278055, 0.0099846, 0.00901826, 0.00350095, 0.00487076]
Batch MSE: 0.000157769 (10 windows)
returnHeadWeight: [0.00287162, 0.00535517, 0.00326394, 0.0027628, 0.0099846, 0.00900976, 0.00348381, 0.00485715]
Batch MSE: 0.000155483 (10 windows)
returnHeadWeight: [0.00285401, 0.0053383, 0.00324639, 0.00274517, 0.0099846, 0.00900131, 0.00346678, 0.00484364]
Batch MSE: 0.000159562 (10 windows)
returnHeadWeight: [0.0028362, 0.00532123, 0.00322863, 0.00272735, 0.0099846, 0.00899275, 0.00344957, 0.00482998]
Batch MSE: 0.000153944 (10 windows)
returnHeadWeight: [0.00281868, 0.00530443, 0.00321117, 0.00270982, 0.0099846, 0.00898431, 0.00343263, 0.00481654]
Batch MSE: 0.00015352 (10 windows)
returnHeadWeight: [0.00280118, 0.00528765, 0.00319373, 0.00269231, 0.0099846, 0.00897586, 0.00341572, 0.00480313]
Batch MSE: 0.000150186 (10 windows)
returnHeadWeight: [0.00278389, 0.00527107, 0.00317649, 0.00267501, 0.0099846, 0.00896751, 0.00339901, 0.00478988]
Batch MSE: 0.000144442 (10 windows)
returnHeadWeight: [0.00276693, 0.00525481, 0.0031596, 0.00265804, 0.0099846, 0.0089593, 0.00338263, 0.00477689]
Batch MSE: 0.000144127 (10 windows)
returnHeadWeight: [0.00274998, 0.00523855, 0.0031427, 0.00264108, 0.0099846, 0.00895109, 0.00336624, 0.00476391]
Batch MSE: 0.000147393 (10 windows)
returnHeadWeight: [0.00273283, 0.00522209, 0.00312561, 0.00262392, 0.0099846, 0.00894276, 0.00334967, 0.00475077]
Batch MSE: 0.000151759 (10 windows)
returnHeadWeight: [0.00271548, 0.00520544, 0.00310832, 0.00260656, 0.0099846, 0.00893432, 0.00333291, 0.00473749]
Batch MSE: 0.000141988 (10 windows)
returnHeadWeight: [0.00269866, 0.00518929, 0.00309155, 0.00258972, 0.0099846, 0.00892613, 0.00331665, 0.00472461]
Batch MSE: 0.000137523 (10 windows)
returnHeadWeight: [0.0026821, 0.00517339, 0.00307504, 0.00257315, 0.0099846, 0.00891805, 0.00330064, 0.00471194]
Batch MSE: 0.000141694 (10 windows)
returnHeadWeight: [0.00266531, 0.00515726, 0.00305831, 0.00255635, 0.0099846, 0.00890984, 0.00328442, 0.00469909]
Batch MSE: 0.000135598 (10 windows)
returnHeadWeight: [0.00264886, 0.00514146, 0.00304192, 0.00253989, 0.0099846, 0.00890179, 0.00326853, 0.0046865]
returnHeadWeight: [0.00264886, 0.00514146, 0.00304192, 0.00253989, 0.0099846, 0.00890179, 0.00326853, 0.0046865]
Program ended with exit code: 0
